11003.759264 11376.904978 11672.596813 11850.112442 97.861884 85.735125 76.631694 89.710191 spec-int-libquantum spec_int libquantum 2
8543.188626 8801.511438 8924.183951 8946.503970 213.470926 201.360156 269.428285 278.230080 spec-fp-lbm spec_fp lbm 2
8482.232110 8771.448311 8909.763764 8939.200403 144.774911 152.456730 190.824647 200.623796 spec-fp-leslie3d spec_fp leslie3d 2
7183.904615 7284.023611 10108.286812 10165.969282 125.683602 164.350270 125.927505 149.894650 spec-fp-soplex spec_fp soplex 2
7102.663535 7387.096474 7865.344286 8022.772105 159.473806 170.315053 196.446557 201.627763 spec-fp-GemsFDTD spec_fp GemsFDTD 2
6824.276335 6884.045701 6974.058362 7001.574708 234.982690 241.197938 263.494517 271.525557 parsec-streamcluster parsec streamcluster 2
5048.080162 4806.190049 7437.859075 8959.196784 119.180362 136.839127 103.669248 160.324907 spec-int-mcf spec_int mcf 2
4990.968674 4909.792743 5983.646690 11489.149455 150.422195 163.051502 180.583200 60.253021 spec-fp-milc spec_fp milc 2
4969.343953 5081.219506 7321.792774 7537.596931 108.589376 117.269195 202.209418 217.672764 spec-fp-sphinx3 spec_fp sphinx3 2
4638.187950 5631.624332 11490.306466 11515.720068 662.236316 1807.133888 68.284024 85.016283 spec-fp-bwaves spec_fp bwaves 2
3858.880397 3953.721859 4058.834732 4101.030211 152.567019 148.601818 175.763798 181.567183 spec-int-omnetpp spec_int omnetpp 2
3248.516627 2224.135593 5480.521376 5935.103161 209.975651 208.978936 183.797752 209.189028 spec-int-xalancbmk spec_int xalancbmk 2
3091.960964 nan nan nan 1143.414119 nan nan nan parsec-facesim parsec facesim 2
3077.145123 2510.824136 9892.999169 10168.875507 183.267596 166.022038 122.529212 163.451504 spec-int-gcc spec_int gcc 2
2928.452794 nan 3761.921921 3792.128751 935.660155 nan 1101.013192 1084.790167 parsec-canneal parsec canneal 2
2177.805297 2101.713083 3165.939723 3411.427853 142.768230 149.359809 142.880151 143.205946 spec-fp-zeusmp spec_fp zeusmp 2
2068.032532 1512.256256 5495.458818 5554.075630 169.531844 161.620854 93.450825 106.826532 spec-int-astar spec_int astar 2
1792.678169 1780.900897 2374.904453 2431.871969 176.794872 182.620580 203.055493 217.943242 parsec-fluidanimate parsec fluidanimate 2
1757.221074 1768.557973 2537.637107 2797.126817 189.672719 275.674783 127.097316 194.350156 parsec-ferret parsec ferret 2
1682.549622 1645.959297 2778.663745 3372.424341 164.566326 166.377765 223.522062 238.480607 spec-int-bzip2 spec_int bzip2 2
1645.385188 1699.591379 1804.185033 1843.098840 130.554586 125.730131 147.998309 152.636600 spec-fp-cactusADM spec_fp cactusADM 2
1529.971516 921.138474 10695.778473 10819.125332 154.104205 157.623092 51.005325 128.958401 spec-fp-dealII spec_fp dealII 2
1478.624093 888.635657 4167.435127 4694.019070 107.004076 135.522592 142.596751 166.496669 spec-fp-tonto spec_fp tonto 2
1400.510800 1280.403540 2032.475547 2204.729386 182.278934 178.340829 176.856511 173.896773 spec-int-hmmer spec_int hmmer 2
1307.474182 1335.020519 1835.946531 1894.714503 195.206724 196.424103 152.808351 182.050737 spec-int-h264ref spec_int h264ref 2
1039.092297 907.597987 2222.624539 2715.438761 164.884499 176.189572 194.807087 178.009166 parsec-freqmine parsec freqmine 2
941.439390 880.728675 1951.806510 2681.033042 183.015512 182.487492 174.581825 208.239440 spec-int-gobmk spec_int gobmk 2
673.419394 nan nan nan 414.255150 nan nan nan parsec-bodytrack parsec bodytrack 2
619.864722 621.014098 713.226897 739.309427 172.084797 168.519995 198.377688 201.812292 spec-fp-gromacs spec_fp gromacs 2
549.653622 522.039958 880.372105 997.405326 149.827190 147.747501 157.288321 148.141592 spec-int-sjeng spec_int sjeng 2
526.352098 490.830791 775.870851 823.953634 176.105523 176.083755 158.069193 156.989319 spec-fp-gamess spec_fp gamess 2
462.877379 nan 1696.574188 1814.309251 138.632372 nan 116.400724 118.439679 spec-fp-calculix spec_fp calculix 2
430.869186 nan nan nan 193.557909 nan nan nan parsec-blackscholes parsec blackscholes 2
363.841516 377.906967 455.865862 476.271327 75.424242 76.371001 96.451974 107.257001 spec-fp-povray spec_fp povray 2
162.444135 nan nan nan 69.710268 nan nan nan spec-fp-wrf spec_fp wrf 2
128.000000 nan nan nan 0.000000 nan nan nan parsec-dedup parsec dedup 2
nan nan nan nan nan nan nan nan spec-fp-namd spec_fp namd 2
nan nan nan nan nan nan nan nan parsec-swaptions parsec swaptions 2
