parsec dedup 1 2 0 nan 131072.0 NaN NaN NaN NaN NaN NaN
parsec canneal 1 2 0 0.455055731884 3284513.79937 0.4434455 4082306.0294 0.44274745 4127154.3224 0.44271222 4129417.77826
parsec blackscholes 1 2 0 0.513240307692 332607.087346 0.512967 341945.679396 0.51233805 363436.137374 0.49131537 1296731.00051
parsec bodytrack 1 2 0 0.510988658333 413367.234481 0.5108665 419213.783801 0.50661215 602766.432233 0.503733 737931.528055
parsec facesim 1 2 0 0.455974329412 3217626.14901 0.461629 2840771.60554 0.3890967 8619515.02171 0.3889224 8638209.96601
parsec ferret 1 2 0 0.484435032389 1639577.47794 0.481323 1779570.11002 0.4674007 2504609.3418 0.46280178 2772465.14823
parsec fluidanimate 1 2 0 0.477960321637 1934970.81624 0.477996 1933083.48711 0.467351 2507504.02872 0.4656251 2608025.9635
parsec freqmine 1 2 0 0.495053087719 1130973.51263 0.498114 1011221.42587 0.46732435 2509056.20994 0.46170627 2836271.15366
parsec streamcluster 1 2 0 0.399897153571 7461087.72484 0.3992165 7534092.777 0.39897595 7559893.51624 0.39878519 7580353.9154
spec_fp bwaves 1 2 0 0.430693799631 4932421.01547 0.410001 6549852.43221 0.353441 11830443.9144 0.35327382 11843743.5401
parsec swaptions 1 2 0 0.519867221311 187694.170228 0.5198735 187561.80423 0.5189758 206730.693171 0.51876909 211718.229458
spec_fp gamess 1 2 0 0.504180085657 716205.176274 0.5047355 689214.537654 0.50051095 899740.327617 0.50028817 911066.514797
spec_fp milc 1 2 0 0.431539951462 4871212.64894 0.43293 4770660.24534 0.4178999 5865256.76371 0.3548799 11715975.488
spec_fp gromacs 1 2 0 0.511477348352 392845.267827 0.51122 402295.124763 0.5108763 418744.75167 0.51039274 441888.137142
spec_fp zeusmp 1 2 0 0.475668400257 2056209.84216 0.4773085 1969451.15271 0.4581513 3059110.10353 0.45538807 3260314.60981
spec_fp cactusADM 1 2 0 0.486373434093 1552379.8133 0.484709 1627253.23378 0.4834481 1683973.95122 0.48281756 1712338.35853
spec_fp leslie3d 1 2 0 0.388656381151 8666742.42477 0.385627 8991665.61387 0.3848759 9072226.55855 0.38471798 9089164.62856
spec_fp dealII 1 2 0 0.490768575286 1325516.2475 0.5044 705518.328456 0.3643132 10915367.1597 0.36362442 10976979.809
spec_fp namd 1 2 0 0.524310287319 NaN 0.524323 NaN 0.52224925 NaN 0.5216058 144397.274832
spec_fp soplex 1 2 0 0.402167660131 7228766.02071 0.4007035 7374601.19833 0.3719248 10234495.4131 0.37160636 10262980.4621
spec_fp povray 1 2 0 0.516922395393 256219.897274 0.516375 266757.670221 0.514362 305509.433962 0.5139738 312982.575882
spec_fp calculix 1 2 0 0.512131793395 370483.675179 0.5222195 NaN 0.4842253 1649012.1449 0.48183625 1756481.91252
spec_fp GemsFDTD 1 2 0 0.404153895954 7056619.46346 0.401194 7321991.50139 0.39689755 7782817.05163 0.39544354 7938770.21257
spec_fp tonto 1 2 0 0.489376969945 1398775.37463 0.50288 779383.490959 0.44175275 4191061.77467 0.43317344 4753050.44506
spec_fp lbm 1 2 0 0.388181211312 8717707.8503 0.385424 9013438.84216 0.3850634 9052115.81813 0.38490872 9068706.37455
spec_fp wrf 1 2 0 0.513262 331865.887515 0.513262 331865.887515 0.513262 331865.887515 0.513262 331865.887515
spec_fp sphinx3 1 2 0 0.42925405093 5036568.59629 0.427318 5176617.35658 0.40103835 7338686.09737 0.39951125 7502478.69307
spec_int bzip2 1 2 0 0.483293937748 1690908.83388 0.484223 1649115.60881 0.4624652 2792068.64368 0.45506934 3283522.92482
spec_int gcc 1 2 0 0.459624663086 2957510.59653 0.4691015 2405549.31127 0.3742191 10029266.02 0.37165123 10258966.7573
spec_int gobmk 1 2 0 0.507445233926 569407.168494 0.508595 523366.969538 0.48473 1626308.56326 0.46953379 2380721.04856
spec_int hmmer 1 2 0 0.490797858728 1323974.66144 0.493609 1187470.56381 0.4778694 1939780.42742 0.47471402 2106695.0524
spec_int mcf 1 2 0 0.427743017143 5145872.7501 0.431336 4885965.9537 0.39796925 7667869.42226 0.38124403 9400872.9937
spec_int sjeng 1 2 0 0.514934460384 294489.14109 0.515625 281195.734208 0.50780375 555051.073155 0.50526625 663422.475154
spec_int libquantum 1 2 0 0.362117577744 11111769.6454 0.3571895 11532240.4976 0.3532662 11844349.7319 0.35058142 12057931.3164
spec_int h264ref 1 2 0 0.496980119062 1055582.25558 0.496359 1079882.29981 0.4842562 1647622.1297 0.4829452 1706596.56111
spec_int omnetpp 1 2 0 0.44777675473 3804031.72066 0.446179 3906684.21301 0.4450393 3979907.62041 0.44445176 4017655.87064
spec_int astar 1 2 0 0.4766384 2004898.38575 0.48813 1464420.37255 0.4215544 5593540.80747 0.4209736 5635554.33031
parsec bodytrack 10 2 0 nan 131072.0 NaN NaN NaN NaN NaN NaN
parsec dedup 10 2 0 nan 131072.0 NaN NaN NaN NaN NaN NaN
spec_int xalancbmk 1 2 0 0.459230509724 2980527.48114 0.476975 1987092.77668 0.425656 5296842.00357 0.42062036 5661106.76972
parsec blackscholes 10 2 0 0.507239430108 577648.191552 0.507179 580068.000466 0.504089 720631.529468 0.5029356 776681.581068
parsec canneal 10 2 0 0.451983510949 3508217.47094 0.442963 4113305.67323 0.4387476 4384136.55115 0.43816028 4421870.66683
parsec facesim 10 2 0 0.468171609091 2459709.13126 0.4835225 1680627.1185 0.39246645 8258084.79492 0.38843791 8690175.04667
parsec ferret 10 2 0 0.4836945 1672889.81705 0.486985 1524697.30459 0.47031275 2339515.29322 0.46819935 2458093.41201
parsec fluidanimate 10 2 0 0.476775726744 1997634.0176 0.4773775 1965801.16154 0.4651197 2637462.07558 0.46441569 2678465.86914
parsec freqmine 10 2 0 0.497924868421 1018620.8216 0.500785 885807.561674 0.4718088 2260376.60796 0.4605879 2901408.59859
parsec streamcluster 10 2 0 0.403049323843 7152352.44942 0.402364 7211749.29384 0.399772 7474511.35672 0.3994024 7514153.64824
parsec swaptions 10 2 0 0.529427598361 NaN 0.529485 NaN 0.52689015 NaN 0.52604101 NaN
spec_fp bwaves 10 2 0 0.429734439755 5001818.55002 0.409748 6571779.87833 0.3523954 11913624.2512 0.35205 11941101.7649
spec_fp gamess 10 2 0 0.512631160339 353420.912915 0.513509 323426.197364 0.5057979 637586.676704 0.50429918 710417.726932
spec_fp milc 10 2 0 0.425434422195 5312870.35097 0.426368 5245337.82267 0.4114646 6423002.58978 0.35242384 11911361.7715
spec_fp zeusmp 10 2 0 0.470302843049 2340039.35531 0.471845 2258461.68506 0.453625 3388692.49688 0.4501328 3642976.93098
spec_fp gromacs 10 2 0 0.508881665556 511887.991744 0.508763 516639.728581 0.506006 627473.952811 0.505469 653569.737196
spec_fp cactusADM 10 2 0 0.487512954516 1496903.8736 0.486622 1541198.2473 0.48294875 1706436.8668 0.48156795 1768551.2031
spec_fp leslie3d 10 2 0 0.386265347898 8923198.15321 0.383119 9233153.44738 0.3809602 9426262.11397 0.38047372 9469778.65284
spec_fp namd 10 2 0 0.512697208466 351164.128596 0.51268 351752.120989 0.5099172 464647.682033 0.50874395 517402.549653
spec_fp dealII 10 2 0 0.487755445248 1484138.28638 0.501638 842440.842647 0.36311665 11022400.7779 0.36059358 11248094.072
spec_fp soplex 10 2 0 0.398836786334 7574819.83284 0.397852 7680445.33861 0.3681984 10567828.809 0.36728936 10649144.1241
spec_fp povray 10 2 0 0.509743234496 472973.744399 0.509535 482939.935171 0.50691775 590529.260586 0.5055174 651217.714916
spec_fp calculix 10 2 0 0.504437718631 703685.372661 0.512118 370954.978742 0.4791751 1876191.91111 0.47593178 2042277.46919
spec_fp GemsFDTD 10 2 0 0.398709923022 7588426.8469 0.3959595 7883429.74523 0.3906859 8449061.74879 0.3889676 8633361.93685
spec_fp tonto 10 2 0 0.487111901428 1518016.75546 0.500612 894602.922039 0.4387935 4381187.56949 0.4307729 4926699.10576
spec_fp wrf 10 2 0 nan 131072.0 NaN NaN NaN NaN NaN NaN
spec_fp lbm 10 2 0 0.384809018096 9079400.1298 0.382657 9274480.20482 0.379413 9564662.02546 0.3790194 9599870.27596
spec_fp sphinx3 10 2 0 0.426363119902 5245690.83594 0.424514 5379451.23754 0.3957322 7907809.32548 0.3936047 8135999.19342
spec_int bzip2 10 2 0 0.477825980068 1942077.27334 0.479439 1864320.5515 0.45733875 3118275.90644 0.44928715 3704552.90936
spec_int gcc 10 2 0 0.459766906008 2949225.91391 0.4692305 2398035.93878 0.37235265 10196223.4365 0.36888147 10506726.9298
spec_int mcf 10 2 0 0.428529473759 5088982.57619 0.4319365 4842527.3854 0.39834425 7627647.94143 0.38238909 9298445.25154
spec_int gobmk 10 2 0 0.495387179523 1117902.83728 0.496804 1062472.56254 0.47456325 2114670.54759 0.4609185 2882153.39745
spec_int hmmer 10 2 0 0.485824085777 1577091.86867 0.487779 1482898.27923 0.4729752 2198675.88774 0.46979126 2367101.29167
spec_int sjeng 10 2 0 0.506671732779 600380.552999 0.5073365 573761.212068 0.4988319 983135.020519 0.49574707 1103822.84032
spec_int libquantum 10 2 0 0.360187233157 11284442.5513 0.355483 11667997.2352 0.351192 12009358.0091 0.348594 12216036.0074
spec_int h264ref 10 2 0 0.488597401908 1439814.64937 0.488014 1470527.03117 0.477941 1935992.90036 0.4750232 2090339.91808
spec_int omnetpp 10 2 0 0.445609444832 3943276.97435 0.444327 4025671.44694 0.44118905 4227278.35337 0.44006692 4299372.92401
spec_int astar 10 2 0 0.476547462244 2009708.84961 0.489012 1417988.70962 0.4210846 5627524.88638 0.41954056 5739216.6216
spec_int xalancbmk 10 2 0 0.451676389344 3530580.52103 0.4669305 2531995.29332 0.41927575 5758372.27068 0.414178 6187832.89692
parsec blackscholes 2 2 0 0.509866725275 467063.423652 0.509385 490118.998412 0.508826 514117.013221 0.5051397 669572.235888
parsec dedup 2 2 0 nan 131072.0 NaN NaN NaN NaN NaN NaN
parsec bodytrack 2 2 0 0.498520231481 995328.429575 0.498362 1001518.92061 0.4930733 1208428.75764 0.49193414 1264156.71471
parsec canneal 2 2 0 0.453580525547 3391930.90279 0.442332 4153846.14008 0.4414304 4211772.10666 0.44136704 4215842.85782
parsec facesim 2 2 0 0.448489104348 3758264.70628 0.4511805 3566688.68815 0.38807305 8729308.93867 0.38797751 8739556.29941
parsec ferret 2 2 0 0.480465112971 1818161.56673 0.478917 1887802.36172 0.4638575 2710976.63963 0.45727362 3123018.34536
parsec fluidanimate 2 2 0 0.475213953216 2080249.37383 0.474815 2101353.36968 0.4644685 2675390.04588 0.4625893 2784840.66286
parsec freqmine 2 2 0 0.488315219298 1454669.76029 0.491319 1296539.90421 0.463481 2732905.20353 0.45616763 3203550.97272
parsec streamcluster 2 2 0 0.401599113475 7278540.13107 0.4009455 7348644.93603 0.40071 7373904.02599 0.40057584 7388293.66298
parsec swaptions 2 2 0 0.529343479675 NaN 0.52941 NaN 0.5283901 NaN 0.52697728 NaN
spec_fp bwaves 2 2 0 0.463136941935 2752944.24541 0.517958 231288.355754 0.35437035 11756511.5827 0.35429727 11762325.2963
spec_fp gamess 2 2 0 0.505937658154 630795.059101 0.5062255 618249.09721 0.5004411 903291.517915 0.49918361 967222.60292
spec_fp milc 2 2 0 0.427820683787 5140254.55223 0.4285715 5085942.51002 0.413755 6224494.20011 0.35397815 11787712.1642
spec_fp zeusmp 2 2 0 0.470411991704 2334265.56362 0.471213 2291893.4882 0.4545767 3319394.49106 0.45094504 3583833.70071
spec_fp gromacs 2 2 0 0.503943979973 727678.850429 0.5042585 712394.591939 0.501635 842593.363347 0.50058876 895784.449062
spec_fp cactusADM 2 2 0 0.480768659672 1804506.72761 0.479916 1842863.03526 0.4761179 2032432.01476 0.47531617 2074842.26718
spec_fp leslie3d 2 2 0 0.388394291391 8694853.46013 0.3857435 8979170.14049 0.3833661 9211049.89378 0.38282605 9259358.36858
spec_fp namd 2 2 0 0.508558518725 524827.792915 0.508479 528011.969247 0.5055515 649560.60831 0.50446206 702502.491624
spec_fp dealII 2 2 0 0.479996836777 1839226.64857 0.49318 1204254.333 0.3633081 11005275.2201 0.36036651 11268405.9049
spec_fp soplex 2 2 0 0.400675104235 7377646.85091 0.40042 7405008.63784 0.369193 10478859.9931 0.3681726 10570136.6669
spec_fp povray 2 2 0 0.511232635317 401690.393165 0.510873 418902.691061 0.508132 541906.925272 0.5073472 573332.750888
spec_fp calculix 2 2 0 0.511928377111 377434.162664 0.521337 153006.135501 0.48194725 1751488.65403 0.47921336 1874470.81138
spec_fp GemsFDTD 2 2 0 0.401749294286 7265025.68286 0.399149 7541332.64355 0.39405015 8088221.43705 0.39221589 8284959.17956
spec_fp tonto 2 2 0 0.482869729748 1709991.53837 0.494401 1156485.14378 0.4380374 4429765.45695 0.43115988 4898706.00474
spec_fp wrf 2 2 0 nan 131072.0 NaN NaN NaN NaN NaN NaN
spec_fp lbm 2 2 0 0.388288902897 8706157.14358 0.386061 8945115.95338 0.3835866 9191325.75955 0.38321812 9224286.97942
spec_fp sphinx3 2 2 0 0.42819794428 5112964.53442 0.426936 5204250.21768 0.3999724 7453016.99737 0.39775902 7690418.12071
spec_int bzip2 2 2 0 0.490468758503 1341299.68493 0.4916925 1276877.51633 0.4693625 2390347.83669 0.46005504 2932444.06887
spec_int gcc 2 2 0 0.457479568915 3108022.18154 0.46653 2555321.69397 0.3751033 9950172.68897 0.37255408 10178205.1492
spec_int mcf 2 2 0 0.429236819027 5037815.10619 0.4328005 4780027.92993 0.40082955 7361081.4179 0.38617309 8933093.48461
spec_int gobmk 2 2 0 0.498169747222 1009040.42702 0.4995065 950806.799981 0.4775725 1955485.96912 0.46501472 2643576.44647
spec_int hmmer 2 2 0 0.487469808432 1499175.23917 0.4896905 1382270.02108 0.4734162 2175347.68334 0.47057682 2325546.40675
spec_int sjeng 2 2 0 0.501804002989 834001.211954 0.502502 798514.881054 0.4950866 1129662.41149 0.49275876 1220745.74205
spec_int libquantum 2 2 0 0.361938369021 11127800.1983 0.357453 11511278.3527 0.3533 11841660.8496 0.351435 11990026.6952
spec_int h264ref 2 2 0 0.492409289157 1239143.14839 0.491657 1278746.36444 0.48137885 1777057.73627 0.48095518 1796116.23921
spec_int omnetpp 2 2 0 0.448795981106 3738548.49862 0.44711 3846869.35621 0.4458834 3925675.9119 0.44538 3958018.33823
spec_int astar 2 2 0 0.477981157295 1933868.64279 0.489637 1385086.45415 0.4239132 5422911.50704 0.42334024 5464357.9052
spec_int xalancbmk 2 2 0 0.453128782922 3424824.52794 0.470098 2350875.2295 0.4208801 5642317.87092 0.41460699 6150652.44194
parsec blackscholes 3 2 0 0.505738076923 640493.809141 0.504981 677284.341999 0.503903 729670.292775 0.5025996 793552.874281
parsec dedup 3 2 0 nan 131072.0 NaN NaN NaN NaN NaN NaN
parsec bodytrack 3 2 0 0.50325709 761058.613243 0.50371 739049.224593 0.49551285 1112986.23057 0.49174013 1274370.10125
parsec canneal 3 2 0 0.459135629032 2987436.21577 0.4722115 2239074.41315 0.4352491 4608908.0619 0.43479487 4638091.41572
parsec facesim 3 2 0 0.447294055556 3835044.16102 0.453618 3389202.20166 0.3916106 8349880.93992 0.39066132 8451698.13279
parsec ferret 3 2 0 0.483060824324 1701395.28058 0.4796555 1854581.44822 0.4676661 2489151.59715 0.46497904 2645654.56376
parsec fluidanimate 3 2 0 0.478618181287 1901244.51556 0.479449 1863870.70839 0.4662325 2572649.04526 0.4651391 2636332.15755
parsec freqmine 3 2 0 0.49502627193 1132022.62688 0.497715 1026831.50491 0.4713863 2282726.19155 0.46091806 2882179.02446
parsec streamcluster 3 2 0 0.40463193617 7015187.83865 0.403251 7134873.22781 0.40257855 7193154.29952 0.40205219 7238773.78781
parsec swaptions 3 2 0 0.522101393443 NaN 0.52227 NaN 0.52014655 181805.421673 0.51987765 187474.314804
spec_fp bwaves 3 2 0 0.430702404893 4931798.53377 0.410224 6530525.07852 0.3539708 11788296.8768 0.35326702 11844284.4987
spec_fp gamess 3 2 0 0.508768832061 516406.194773 0.509902 465375.160441 0.501483 850321.078813 0.49997734 926869.184522
spec_fp milc 3 2 0 0.42638472963 5244127.64586 0.4272025 5184972.31851 0.41322015 6270849.51456 0.35430576 11761649.8936
spec_fp zeusmp 3 2 0 0.469834841938 2364795.87589 0.471497 2276870.33616 0.453746 3379881.88565 0.45019924 3638139.10445
spec_fp gromacs 3 2 0 0.50187750433 830264.386627 0.50168 840305.552847 0.499208 965982.609629 0.498594 992442.38343
spec_fp cactusADM 3 2 0 0.482784096595 1713843.68674 0.482021 1748171.06111 0.47891865 1887728.1376 0.477963 1934829.13506
spec_fp leslie3d 3 2 0 0.388201136476 8715570.73136 0.385378 9018372.67714 0.3835658 9193186.35815 0.3830558 9238806.80468
spec_fp namd 3 2 0 0.512887531898 344661.00797 0.5127975 347737.288629 0.5097916 470658.950987 0.50889924 511184.256509
spec_fp dealII 3 2 0 0.482338108247 1733906.16518 0.4956165 1108931.13109 0.36377405 10963595.1278 0.36210847 11112584.35
spec_fp soplex 3 2 0 0.400225055255 7425917.88137 0.398715 7587882.30404 0.3701988 10388889.3164 0.3688741 10507386.1899
spec_fp povray 3 2 0 0.513518063584 323116.505701 0.513136 336171.154556 0.5105084 436352.600779 0.5100503 458277.459917
spec_fp calculix 3 2 0 0.507577969198 564092.036599 0.516447 265371.616079 0.47903635 1882433.48423 0.47671663 2000760.14214
spec_fp GemsFDTD 3 2 0 0.400624885387 7383033.18806 0.397904 7674867.95993 0.393211 8178226.38544 0.39171825 8338334.69348
spec_fp tonto 3 2 0 0.485896196477 1573848.01853 0.498975 977536.51849 0.438147 4422723.87982 0.429702 5004165.15537
spec_fp lbm 3 2 0 0.386169775781 8933448.95874 0.383223 9223850.45436 0.3816858 9361355.8473 0.38146122 9381444.94511
spec_fp wrf 3 2 0 0.515532 282986.054143 0.5158045 277740.224228 0.51076955 423853.851676 0.51009071 456343.42028
spec_fp sphinx3 3 2 0 0.425735007407 5291126.81848 0.424292 5395510.1254 0.3988098 7577714.31369 0.39716424 7754212.60703
spec_int bzip2 3 2 0 0.485157533333 1607076.27095 0.485398 1596259.04367 0.4606538 2897570.37186 0.4522724 3487182.0237
spec_int gcc 3 2 0 0.457380163725 3115260.36735 0.466623 2549905.07659 0.37171835 10252962.7487 0.36849228 10541540.6976
spec_int mcf 3 2 0 0.425097064655 5337273.89559 0.4279655 5129778.93365 0.39775675 7690661.59474 0.38448064 9111352.22227
spec_int gobmk 3 2 0 0.501392363188 854929.075483 0.502805 783110.290356 0.47948075 1862442.45652 0.46695443 2530601.5336
spec_int hmmer 3 2 0 0.487266052399 1509901.69205 0.490691 1329600.09051 0.4735438 2168597.8446 0.4704866 2330318.90244
spec_int sjeng 3 2 0 0.504214784302 714518.978213 0.504837 684282.094236 0.4971032 1050766.95942 0.49475136 1142778.00772
spec_int libquantum 3 2 0 0.359029787462 11385840.6019 0.3545545 11741861.947 0.35089835 12032718.6689 0.34814697 12251598.4653
spec_int h264ref 3 2 0 0.491527791592 1285548.36132 0.490908 1318176.42741 0.4799042 1843393.85013 0.47945852 1863442.45775
spec_int omnetpp 3 2 0 0.443554829713 4075281.81766 0.441978 4176589.92021 0.4407333 4256559.3641 0.4401307 4295275.1887
parsec blackscholes 4 2 0 nan 131072.0 NaN NaN NaN NaN NaN NaN
spec_int astar 3 2 0 0.478054637464 1929981.65776 0.490765 1325704.46346 0.4204604 5672677.84947 0.41990103 5713141.18327
spec_int xalancbmk 3 2 0 0.455382059609 3260752.25625 0.47312 2191016.19614 0.4220346 5558804.42029 0.41512796 6105500.10359
parsec dedup 4 2 0 nan 131072.0 NaN NaN NaN NaN NaN NaN
parsec bodytrack 4 2 0 0.493580560976 1188583.18389 0.494992 1133363.44777 0.485642 1585282.87184 0.4801528 1832210.75048
parsec canneal 4 2 0 0.452743321168 3452891.91354 0.440646 4262168.21157 0.4395664 4331530.31619 0.43936552 4344436.4477
parsec facesim 4 2 0 0.441619827907 4199601.74884 0.4431 4104503.70182 0.3893518 8592153.68902 0.38887196 8643620.02332
parsec ferret 4 2 0 0.475266458515 2077471.92633 0.474537 2116059.13119 0.4628948 2767047.36598 0.45872092 3017633.241
parsec fluidanimate 4 2 0 0.481960157895 1750908.00127 0.482065 1746191.75144 0.47158 2272479.76707 0.4711158 2297035.21489
parsec freqmine 4 2 0 0.499819837004 934876.673588 0.502729 786974.148089 0.473281 2182499.55008 0.46490364 2650046.10086
parsec streamcluster 4 2 0 0.408483663121 6681359.63638 0.4076605 6752702.97623 0.40744315 6771540.64585 0.40725301 6788020.03164
spec_fp bwaves 4 2 0 0.426788062615 5214951.61353 0.410898 6472109.66871 0.355346 11678895.9595 0.3552668 11685196.5359
parsec swaptions 4 2 0 0.512448691057 359655.66677 0.512487 358346.696694 0.511593 388893.591411 0.51098052 413756.73853
spec_fp gamess 4 2 0 0.508435366832 529759.176597 0.509232 497441.642918 0.5033899 754604.64467 0.50268994 788959.967602
spec_fp milc 4 2 0 0.42837039801 5100489.69158 0.429725 5002501.39672 0.4156211 6062759.78431 0.35542173 11672871.4311
spec_fp gromacs 4 2 0 0.501787363392 834847.172947 0.502021 822969.033283 0.499779 936952.8364 0.49954925 948633.380006
spec_fp zeusmp 4 2 0 0.471929117685 2254011.99221 0.47325 2184139.40119 0.4562131 3200240.07609 0.45329256 3412899.10511
spec_fp cactusADM 4 2 0 0.483122927135 1698601.62843 0.481829 1756808.04878 0.4804998 1816601.19464 0.47973696 1850917.02626
spec_fp leslie3d 4 2 0 0.391096849292 8404984.4446 0.388378 8696600.83045 0.387648 8774898.64648 0.387511 8789592.89415
spec_fp namd 4 2 0 0.51219181862 368432.686109 0.512209 367845.619212 0.510615 431250.679836 0.5102275 449796.593208
spec_fp dealII 4 2 0 0.484607639958 1631812.84541 0.497692 1027731.33402 0.364539 10895168.9306 0.3638656 10955405.8104
spec_fp soplex 4 2 0 0.402102007675 7234456.1025 0.4016615 7272634.79146 0.37217755 10211886.4565 0.37184411 10241713.2833
spec_fp povray 4 2 0 0.511625946154 387767.861324 0.5114075 395231.901221 0.5089507 509123.638535 0.50874804 517238.773371
spec_fp calculix 4 2 0 0.510372010584 442880.255731 0.520046 183925.195583 0.4832819 1691450.34367 0.48041417 1820453.20117
spec_fp GemsFDTD 4 2 0 0.404662503977 7012538.53454 0.401662 7272591.45659 0.3973805 7731017.14718 0.39584038 7896206.23269
spec_fp tonto 4 2 0 0.486472234247 1547935.35647 0.498656 990016.757115 0.44432255 4025957.35039 0.43602327 4559169.21368
spec_fp wrf 4 2 0 nan 131072.0 NaN NaN NaN NaN NaN NaN
spec_fp lbm 4 2 0 0.390025356583 8519909.8405 0.3874245 8798870.64906 0.38706775 8837134.68449 0.38696225 8848450.32777
spec_fp sphinx3 4 2 0 0.429009894112 5054230.24927 0.427538 5160703.14338 0.400127 7436435.02153 0.3977968 7686365.94059
spec_int bzip2 4 2 0 0.47695659236 1988066.5118 0.4775435 1957020.02338 0.4553484 3263203.17963 0.44736996 3830167.45484
spec_int gcc 4 2 0 0.454959064327 3291552.64451 0.46501 2643851.35436 0.37103675 10313933.1337 0.3655955 10800663.0448
spec_int mcf 4 2 0 0.427070721906 5194504.79434 0.430676 4933708.5933 0.39734425 7734905.22366 0.3822497 9310913.94574
spec_int gobmk 4 2 0 0.501571224017 845835.749203 0.5030425 771486.721942 0.4773811 1965610.72722 0.46517452 2634269.18349
spec_int hmmer 4 2 0 0.490715631811 1328303.38309 0.492946 1213409.11619 0.4779345 1936336.74011 0.47450599 2117699.51127
spec_int sjeng 4 2 0 0.507890029167 551596.187762 0.508533 525849.641796 0.50042345 904188.848033 0.49754064 1033652.99207
spec_int libquantum 4 2 0 0.358351363429 11439811.0874 0.3535985 11817914.359 0.3502435 12084813.7756 0.3478826 12272629.8211
spec_int h264ref 4 2 0 0.483899986269 1663646.15887 0.483176 1696214.18218 0.4740032 2144296.30922 0.47179248 2261239.91022
spec_int omnetpp 4 2 0 0.441576951083 4202356.49759 0.440256 4287224.9185 0.4374235 4469207.28357 0.4364609 4531052.37611
spec_int astar 4 2 0 0.469916136782 2360495.50687 0.482278 1736610.09325 0.4187515 5796295.11736 0.4178223 5871982.33612
spec_int xalancbmk 4 2 0 0.448789857873 3738941.90389 0.4637925 2714762.44747 0.41679465 5961048.50213 0.41195202 6380758.02145
parsec blackscholes 5 2 0 0.50913996 501545.081251 0.509191 499403.920204 0.5089349 509756.319529 0.50046018 902321.486263
parsec dedup 5 2 0 nan 131072.0 NaN NaN NaN NaN NaN NaN
parsec bodytrack 5 2 0 0.503148924528 766314.968616 0.5032585 760990.093586 0.49351025 1191333.96056 0.4853457 1598611.72312
parsec canneal 5 2 0 0.459629175182 2957247.79763 0.449647 3678350.44283 0.4487856 3739215.46357 0.44871768 3743579.18545
parsec facesim 5 2 0 0.445765694444 3933238.25452 0.4474535 3824800.17972 0.3910355 8411564.60293 0.3905335 8465407.75861
parsec ferret 5 2 0 0.478186834532 1922988.64137 0.477916 1937315.36093 0.4653801 2622295.54692 0.46082884 2887375.48255
parsec fluidanimate 5 2 0 0.488231888235 1459056.60817 0.488644 1437361.55765 0.4766486 2004358.82184 0.47613843 2031346.01014
parsec freqmine 5 2 0 0.497840017544 1021940.4429 0.5002065 915218.636653 0.47574795 2052001.78623 0.46550541 2614997.09183
parsec streamcluster 5 2 0 0.408698148936 6662770.20495 0.40795 6727612.08433 0.40769315 6749873.20897 0.40743958 6771850.05684
parsec swaptions 5 2 0 0.522386357724 NaN 0.522303 NaN 0.5217181 140800.64145 0.52138902 151340.090367
spec_fp bwaves 5 2 0 0.432218400246 4822135.47351 0.414054 6198579.94561 0.355324 11680646.1196 0.35526428 11685397.0087
spec_fp gamess 5 2 0 0.512300669373 364713.38802 0.513908 314249.275362 0.5062396 617684.489487 0.50512776 670152.466178
spec_fp milc 5 2 0 0.429676696329 5005995.55544 0.431066 4905497.03354 0.4167525 5964701.63199 0.35501124 11705527.0321
spec_fp zeusmp 5 2 0 0.475837305466 2047275.02302 0.477568 1955724.01202 0.4583134 3047306.79709 0.45471052 3309650.39193
spec_fp gromacs 5 2 0 0.508553466622 525030.094786 0.508637 521685.159299 0.5070222 586346.758693 0.50672398 598288.412255
spec_fp cactusADM 5 2 0 0.484354719472 1643190.29915 0.4830285 1702849.36802 0.48161125 1766603.38245 0.48096506 1795671.79422
spec_fp leslie3d 5 2 0 0.390392374376 8480544.50949 0.3877935 8759292.71192 0.38714105 8829272.72571 0.38695636 8849082.07316
spec_fp namd 5 2 0 0.512533852682 356745.797427 0.512552 356125.725601 0.5108372 420616.094155 0.51038 442497.878913
spec_fp dealII 5 2 0 0.48506369719 1611297.42516 0.498462 997606.620102 0.36467 10883450.7375 0.364133 10931486.3841
spec_fp soplex 5 2 0 0.401389501094 7301022.58538 0.400501 7396320.79798 0.37225985 10204524.5687 0.37192229 10234719.9372
spec_fp povray 5 2 0 0.513138085603 336099.892033 0.5124635 359149.663166 0.5111153 407306.110906 0.51086926 419081.689038
spec_fp calculix 5 2 0 0.515377525244 285959.809358 0.525086 NaN 0.487021 1522802.13467 0.48450688 1636345.46268
spec_fp GemsFDTD 5 2 0 0.402748928468 7178387.64072 0.3996925 7483038.31066 0.3954963 7933111.31836 0.39407247 8085827.45451
spec_fp tonto 5 2 0 0.484870297611 1619997.37193 0.496796 1062785.54658 0.4444314 4018963.95924 0.43655224 4525183.96685
spec_fp wrf 5 2 0 nan 131072.0 NaN NaN NaN NaN NaN NaN
spec_fp lbm 5 2 0 0.39183909098 8325373.61839 0.389345 8592883.03854 0.3889301 8637384.08493 0.38880048 8651286.77386
spec_fp sphinx3 5 2 0 0.431412594153 4880425.33697 0.4303265 4958990.49109 0.4029338 7162364.87172 0.40090518 7352969.54965
spec_int bzip2 5 2 0 0.48188686758 1754204.91558 0.4822045 1739916.44009 0.4625328 2788131.40352 0.4520956 3500055.71019
spec_int gcc 5 2 0 0.453668415445 3385531.20261 0.462865 2768783.01327 0.3730925 10130042.4809 0.37035164 10375217.4947
spec_int mcf 5 2 0 0.426451803431 5239275.706 0.429695 5004671.5167 0.3978862 7676777.13955 0.38256794 9282446.78711
spec_int gobmk 5 2 0 0.498471931594 997218.0663 0.4999145 930063.984784 0.4754834 2065996.06396 0.46362044 2724783.77206
spec_int hmmer 5 2 0 0.481854273599 1755671.13335 0.4844295 1639826.34864 0.46922825 2398166.98598 0.4661045 2580104.17456
spec_int sjeng 5 2 0 0.508606181055 522919.245424 0.509195 499212.478517 0.5012447 862436.306414 0.49851683 995461.505733
spec_int libquantum 5 2 0 0.36008783473 11293333.9251 0.355619 11657178.0636 0.351787 11962024.1335 0.3496374 12133030.6866
spec_int h264ref 5 2 0 0.484958668067 1616022.08787 0.484239 1648395.85984 0.47528875 2076292.74193 0.4740343 2142651.16827
spec_int omnetpp 5 2 0 0.445289814165 3963812.59474 0.4438295 4057634.81027 0.4425235 4141542.6545 0.44187075 4183480.51462
spec_int astar 5 2 0 0.474433342349 2121542.45742 0.486387 1551769.56033 0.4213678 5607038.95375 0.42076812 5650418.20544
spec_int xalancbmk 5 2 0 0.455622106557 3243273.24521 0.4736605 2162424.59867 0.4220265 5559390.35269 0.4168595 5955427.96901
parsec blackscholes 6 2 0 0.504677845238 692016.299735 0.504819 685156.813266 0.5045697 697271.671827 0.50140782 854143.247554
parsec dedup 6 2 0 nan 131072.0 NaN NaN NaN NaN NaN NaN
parsec bodytrack 6 2 0 0.497924619718 1018630.55161 0.498484 996745.91399 0.4850555 1611666.17011 0.4837046 1672435.47551
parsec canneal 6 2 0 0.447908411765 3795573.02389 0.439448 4339137.27542 0.436121 4552890.25992 0.43599415 4561040.11447
parsec facesim 6 2 0 0.449594619469 3682164.52956 0.448692 3745229.07323 0.3921146 8295823.26967 0.3919416 8314378.7795
parsec ferret 6 2 0 0.478923264901 1887520.53946 0.478579 1903007.05875 0.4671845 2517201.52112 0.4636665 2722101.09037
parsec fluidanimate 6 2 0 0.483043813953 1702160.4804 0.4829915 1704513.78752 0.47183755 2258855.77831 0.4710147 2302383.24542
parsec freqmine 6 2 0 0.494345366812 1158661.68128 0.497425 1038177.17638 0.4707904 2314248.36163 0.46203676 2817022.35927
parsec streamcluster 6 2 0 0.406757466192 6830968.68835 0.40615 6883617.62982 0.405943 6901558.26755 0.4057862 6915148.08396
parsec swaptions 6 2 0 0.514275260163 307179.241051 0.514291 306876.237353 0.5134188 326508.221864 0.51308734 337833.807684
spec_fp bwaves 6 2 0 0.428671695226 5078694.65461 0.41229 6351465.38019 0.35510765 11697857.3532 0.355027 11704273.281
spec_fp gamess 6 2 0 0.499810006315 935376.468111 0.500852 882401.266041 0.495275 1122291.63733 0.49444248 1154862.32153
spec_fp milc 6 2 0 0.427300704164 5177868.49123 0.428682 5077949.23475 0.4145332 6157047.80261 0.35443884 11751063.016
spec_fp zeusmp 6 2 0 0.468602507386 2434612.23671 0.47009 2351298.41688 0.4530126 3433284.38378 0.44961104 3680968.86911
spec_fp gromacs 6 2 0 0.501215190316 863936.585634 0.500914 879249.171575 0.4997806 936871.492026 0.49945102 953627.416126
spec_fp cactusADM 6 2 0 0.481028047462 1792838.34665 0.4794745 1862723.60847 0.47828285 1917909.57456 0.47772558 1947388.27857
spec_fp leslie3d 6 2 0 0.389061250624 8623317.22544 0.386505 8897493.72007 0.385414 9014511.41498 0.385269 9030063.72091
spec_fp namd 6 2 0 0.508774992777 516159.500601 0.5087155 518541.775875 0.506954 589077.698177 0.5064229 610344.589085
spec_fp dealII 6 2 0 0.485455181061 1593686.79305 0.498928 979375.29973 0.364431 10904829.731 0.3640374 10940037.9815
spec_fp soplex 6 2 0 0.402821388466 7172107.55099 0.402697 7182888.26793 0.372313 10199770.2026 0.37196478 10230919.1279
spec_fp povray 6 2 0 0.509596132813 480014.092967 0.5091895 499475.710836 0.508381 531936.193139 0.50809221 543500.240259
spec_fp calculix 6 2 0 0.504192024576 715624.998516 0.5135565 321803.180027 0.4784608 1908496.30025 0.47717442 1976543.77322
spec_fp GemsFDTD 6 2 0 0.401060844156 7336273.43533 0.3984445 7616895.39889 0.3942345 8068448.55707 0.39286725 8215096.0762
spec_fp tonto 6 2 0 0.485558692676 1589030.3944 0.499149 968982.183395 0.440108 4296733.61754 0.4318938 4845616.18951
spec_fp wrf 6 2 0 nan 131072.0 NaN NaN NaN NaN NaN NaN
spec_fp lbm 6 2 0 0.389105898251 8618528.44231 0.3865125 8896689.29045 0.38614555 8936047.35017 0.38596457 8955458.77311
spec_fp sphinx3 6 2 0 0.428076967375 5121715.68105 0.426332 5247941.96665 0.4011275 7329124.11066 0.39935892 7518817.19487
spec_int bzip2 6 2 0 0.481914487679 1752962.44446 0.483003 1703996.46794 0.4634508 2734664.1481 0.45523496 3271463.30969
spec_int gcc 6 2 0 0.454006183594 3360936.62537 0.463027 2759347.61526 0.3742812 10023711.0597 0.37136038 10284983.8296
spec_int mcf 6 2 0 0.430723471133 4930274.65816 0.434691 4644764.85199 0.3990864 7548046.94942 0.38664692 8882271.76658
spec_int gobmk 6 2 0 0.491488904225 1287595.53266 0.492735 1221996.5542 0.47018505 2346270.4218 0.45715921 3131349.10595
spec_int hmmer 6 2 0 0.484511012593 1636159.56083 0.4871345 1516827.08508 0.47160795 2271001.25616 0.46870673 2428541.9784
spec_int sjeng 6 2 0 0.510437286747 439756.111049 0.5112305 401792.590337 0.5026503 790975.274451 0.49971098 940410.989071
spec_int libquantum 6 2 0 0.360350669985 11269822.8237 0.355848 11638960.4879 0.352331 11918747.4471 0.3501605 12091416.6524
spec_int h264ref 6 2 0 0.488089224895 1466566.92123 0.488098 1466104.96803 0.4769603 1987870.38349 0.4759071 2043583.00226
spec_int omnetpp 6 2 0 0.44548685383 3951153.19694 0.444053 4043275.38976 0.4429604 4113472.71794 0.44238934 4150162.16168
spec_int astar 6 2 0 0.469713925873 2371192.14501 0.480494 1816862.10364 0.420798 5648256.76594 0.4201922 5692078.7221
parsec blackscholes 7 2 0 nan 131072.0 NaN NaN NaN NaN NaN NaN
spec_int xalancbmk 6 2 0 0.451939402893 3511429.19766 0.46889 2417867.74757 0.4190463 5774970.07167 0.41289384 6299130.71986
parsec dedup 7 2 0 nan 131072.0 NaN NaN NaN NaN NaN NaN
parsec bodytrack 7 2 0 0.520073214286 183351.469741 0.521335 153070.189524 0.4915086 1286558.67598 0.48795522 1473621.42249
parsec canneal 7 2 0 0.51860975 215562.813812 0.5221525 NaN 0.50779565 555375.422273 0.50582633 636205.106592
parsec facesim 7 2 0 0.4444325 4018893.28648 0.445162 3972024.39493 0.3901492 8506626.73217 0.38843814 8690150.3775
parsec ferret 7 2 0 0.482806891667 1712818.26614 0.480667 1809079.81788 0.4654374 2618958.2117 0.45819027 3056272.5042
parsec fluidanimate 7 2 0 0.47619274269 2028472.95451 0.47619 2028618.03848 0.465091 2639133.65536 0.4642988 2685273.91651
parsec freqmine 7 2 0 0.496234546256 1084751.30427 0.498823 983483.215264 0.4721246 2243671.28608 0.46490832 2649773.5227
parsec streamcluster 7 2 0 0.406411957447 6860913.84403 0.406225 6877117.39876 0.4040993 7061351.28101 0.4039174 7077116.50808
parsec swaptions 7 2 0 0.520610442623 172025.735157 0.520715 169821.47857 0.51856475 216648.581955 0.51819272 225624.989118
spec_fp bwaves 7 2 0 0.428629592661 5081740.24187 0.412105 6367499.28348 0.3542046 11769697.448 0.35376084 11804999.7685
spec_fp gamess 7 2 0 0.511576577598 389454.724951 0.512765 348847.774175 0.504605 695556.250618 0.50342158 753065.139178
spec_fp milc 7 2 0 0.428170859617 5114923.7667 0.429463 5021453.77789 0.415031 6113903.6023 0.35425532 11765662.5335
spec_fp zeusmp 7 2 0 0.472680728205 2214252.98122 0.474036 2142561.24095 0.45605445 3211792.17089 0.45261524 3462218.13979
spec_fp gromacs 7 2 0 0.504862225352 683056.255602 0.504899 681269.173134 0.502966 775204.277818 0.5025529 795927.113177
spec_fp cactusADM 7 2 0 0.482856025599 1710608.01007 0.481636 1765490.02075 0.4792533 1872674.13801 0.47857292 1903280.56336
spec_fp leslie3d 7 2 0 0.388277883031 8707339.10445 0.3855585 8999012.7377 0.38392665 9160907.65594 0.38351282 9197925.51748
spec_fp namd 7 2 0 0.5146570872 299828.783462 0.5145305 302265.682253 0.51210995 371230.037469 0.51134519 397360.958279
spec_fp dealII 7 2 0 0.488245479918 1458341.09293 0.502099 819003.495084 0.364287 10917710.7983 0.3629581 11036583.3696
spec_fp soplex 7 2 0 0.401223937025 7318780.53745 0.400612 7384415.23965 0.370964 10320440.7562 0.3703054 10379353.7485
spec_fp povray 7 2 0 0.51020227907 451003.677551 0.5099145 464776.905171 0.50733375 573871.330596 0.50679095 595606.725785
spec_fp calculix 7 2 0 0.511652577524 386857.899741 0.520861 166743.537339 0.483891 1664050.39999 0.48118532 1785763.54993
spec_fp GemsFDTD 7 2 0 0.402235075269 7222923.16772 0.399423 7511944.14822 0.394794 8008438.10767 0.39344882 8152718.45858
spec_fp wrf 7 2 0 nan 131072.0 NaN NaN NaN NaN NaN NaN
spec_fp tonto 7 2 0 0.488509390061 1444447.91061 0.502068 820579.542317 0.4397598 4319104.75947 0.43158752 4867771.66778
spec_fp lbm 7 2 0 0.387650900865 8774587.50758 0.385197 9037786.24523 0.3835195 9197327.97908 0.3832965 9217275.74295
spec_fp sphinx3 7 2 0 0.4291837182 5041656.27838 0.4276795 5150467.4108 0.40046955 7399694.03951 0.39792075 7673071.40045
spec_int gcc 7 2 0 0.46125436 2862591.8371 0.471155 2294961.59672 0.373377 10104593.4279 0.37028124 10381514.9054
spec_int bzip2 7 2 0 0.483338344074 1688911.24591 0.4837645 1669740.9153 0.4649129 2649506.76885 0.45378111 3377325.3521
spec_int mcf 7 2 0 0.425652691429 5297081.33677 0.42868 5078093.90941 0.3984494 7616369.8382 0.38444121 9114879.30895
spec_int gobmk 7 2 0 0.498479768531 996911.461774 0.499664 942799.463232 0.47668685 2002335.45717 0.46168002 2837800.03759
spec_int hmmer 7 2 0 0.495861757778 1099335.90979 0.4972825 1043752.20461 0.48162275 1766086.06287 0.47820964 1921782.26809
spec_int sjeng 7 2 0 0.508721764847 518290.911974 0.509546 482413.470533 0.5007018 890037.469087 0.49791156 1019141.48702
spec_int libquantum 7 2 0 0.360701431298 11238446.5733 0.3558335 11640114.0025 0.3521051 11936718.4093 0.35018744 12089273.5018
spec_int h264ref 7 2 0 0.493959052916 1173775.4418 0.493381 1196390.60897 0.4822082 1739749.99814 0.48183468 1756552.53789
spec_int omnetpp 7 2 0 0.449113199019 3717219.14461 0.447518 3820656.18589 0.4462604 3901454.42854 0.44565386 3940423.39013
spec_int astar 7 2 0 0.475449677328 2067779.94011 0.486537 1545021.91371 0.4215409 5594517.36146 0.42075786 5651160.38648
spec_int xalancbmk 7 2 0 0.456515654082 3178209.61005 0.474712 2106801.90722 0.42262575 5516042.20605 0.41852912 5812381.49341
parsec blackscholes 8 2 0 0.505650811111 644734.535051 0.5052285 665256.955342 0.5044276 704177.092611 0.50085011 882497.354082
parsec dedup 8 2 0 nan 131072.0 NaN NaN NaN NaN NaN NaN
parsec bodytrack 8 2 0 0.491119617021 1307036.14375 0.4913065 1297197.94932 0.48547995 1592572.5794 0.48007462 1835727.62389
parsec canneal 8 2 0 0.457497572464 3106711.25368 0.4472915 3835208.35029 0.44500915 3981844.6966 0.44300574 4110559.71514
parsec facesim 8 2 0 nan 131072.0 NaN NaN NaN NaN NaN NaN
parsec ferret 8 2 0 0.47465015 2110073.67466 0.4735795 2166709.37091 0.46276105 2774837.39366 0.45927131 2978091.01015
parsec fluidanimate 8 2 0 0.480444081395 1819107.65768 0.480983 1794864.77568 0.46799435 2470033.26753 0.46707435 2523617.00934
parsec freqmine 8 2 0 0.502271305677 810243.434262 0.506365 612663.084629 0.4759312 2042308.15028 0.46677792 2540882.04042
parsec streamcluster 8 2 0 0.40483612766 6997490.61377 0.404798 7000795.12844 0.4015203 7286993.4502 0.40071694 7373159.66045
parsec swaptions 8 2 0 0.516042837398 273152.05009 0.515972 274515.72327 0.5140186 312120.142193 0.51273682 349810.650566
spec_fp bwaves 8 2 0 0.430429182317 4951562.72616 0.414033 6200400.01031 0.3537049 11809449.9483 0.35244224 11909898.0012
spec_fp gamess 8 2 0 0.506560539633 604833.071368 0.507381 571979.294077 0.5005972 895355.357493 0.49931876 960351.545386
spec_fp milc 8 2 0 0.425680272222 5295086.21577 0.4265495 5232208.59678 0.41239565 6342308.72137 0.3537926 11802473.1737
spec_fp zeusmp 8 2 0 0.471471969231 2278194.42436 0.472819 2206938.62136 0.45415355 3350206.14511 0.45076249 3597126.07326
spec_fp gromacs 8 2 0 0.505925676235 631377.326465 0.506332 613984.50696 0.50191865 828172.531164 0.50079558 885269.672005
spec_fp cactusADM 8 2 0 0.477959301114 1935024.8003 0.477082 1981432.64545 0.47389965 2149773.94089 0.47276859 2209605.23085
spec_fp leslie3d 8 2 0 0.387336514073 8808307.78046 0.384641 9097007.72265 0.38198745 9334372.69496 0.38150205 9377792.62583
spec_fp namd 8 2 0 0.512174019124 369040.87328 0.512073 372492.574113 0.5089118 510681.315161 0.50789278 551486.035879
spec_fp dealII 8 2 0 0.484052609137 1656780.52435 0.497134 1049561.97086 0.3631354 11020723.5556 0.36027984 11276158.6973
spec_fp soplex 8 2 0 0.398941062839 7563635.41832 0.397379 7731178.0331 0.3690519 10491481.65 0.36807832 10578570.1879
spec_fp povray 8 2 0 0.512448054159 359677.428802 0.511886 378882.137102 0.5097268 473760.306307 0.50907892 503989.312132
spec_fp calculix 8 2 0 0.508228544037 538041.002654 0.516774 259076.62018 0.4812354 1783510.73565 0.47824616 1919850.41769
spec_fp GemsFDTD 8 2 0 0.400186673851 7430034.56645 0.3972445 7745604.13756 0.3925704 8246935.40043 0.39118349 8395691.59773
spec_fp tonto 8 2 0 0.489752993197 1378980.15366 0.50408 721068.888983 0.4386281 4391814.18314 0.42920578 5040060.38662
spec_fp lbm 8 2 0 0.385224938986 9034789.58552 0.3826675 9273540.96033 0.3801141 9501947.32927 0.37955527 9551935.70992
spec_fp wrf 8 2 0 nan 131072.0 NaN NaN NaN NaN NaN NaN
spec_fp sphinx3 8 2 0 0.42843985503 5095465.35601 0.4264105 5242263.48603 0.3974872 7719572.79516 0.39510367 7975223.74508
spec_int bzip2 8 2 0 0.483147261408 1697506.96794 0.484164 1651769.68315 0.4604569 2909038.45748 0.45246224 3473358.83002
spec_int gcc 8 2 0 0.453432327184 3402721.96197 0.4617225 2835325.86656 0.3711055 10307783.3186 0.36942474 10458130.42
spec_int mcf 8 2 0 0.425690093286 5294375.7862 0.429159 5043444.32704 0.3975589 7711882.44803 0.3845552 9104682.69189
spec_int gobmk 8 2 0 0.495440898246 1115801.19941 0.496869 1059929.56721 0.474424 2122036.65295 0.45878984 3012614.83335
spec_int hmmer 8 2 0 0.49015338518 1357902.07476 0.49312 1206601.7133 0.4769745 1987119.22589 0.47286504 2204503.17798
spec_int sjeng 8 2 0 0.503931952579 728263.327674 0.504394 705809.901466 0.496566 1071783.83776 0.49396592 1173506.78083
spec_int libquantum 8 2 0 0.359586311128 11338196.142 0.355032 11703875.5174 0.351118 12015244.9113 0.3487302 12205200.9253
spec_int h264ref 8 2 0 0.489869180357 1372863.64227 0.4890155 1417804.45699 0.4777526 1945958.96319 0.47632048 2021715.85229
spec_int omnetpp 8 2 0 0.442232792217 4160220.0384 0.440682 4259855.28478 0.4384956 4400327.0387 0.43796474 4434433.71419
spec_int astar 8 2 0 0.46957434629 2378575.68479 0.481144 1787622.30165 0.419521 5740631.53983 0.41822532 5837052.69448
spec_int xalancbmk 8 2 0 0.454841463094 3300115.77463 0.472241 2237513.90968 0.4201968 5691745.97037 0.41345772 6250259.38265
parsec bodytrack 9 2 0 nan 131072.0 NaN NaN NaN NaN NaN NaN
parsec dedup 9 2 0 nan 131072.0 NaN NaN NaN NaN NaN NaN
parsec blackscholes 9 2 0 0.514967763441 293848.0322 0.514781 297443.368882 0.5123456 363178.163039 0.50362652 743105.97707
parsec canneal 9 2 0 0.455017860294 3287271.41801 0.4455835 3944943.87705 0.44427125 4029253.27107 0.4442541 4030355.1237
parsec facesim 9 2 0 0.468749235821 2426066.30347 0.490256 1352500.06032 0.392423 8262745.12383 0.38979782 8544314.796
parsec ferret 9 2 0 0.488384043478 1451046.60709 0.495047 1131211.68249 0.4650622 2640811.05945 0.45921202 2981873.80981
parsec fluidanimate 9 2 0 0.483464859649 1683220.02996 0.483964 1660766.5453 0.471416 2281155.10839 0.4700191 2355048.91505
parsec freqmine 9 2 0 0.500632811404 893544.865404 0.5037545 736886.724769 0.47408665 2139881.93584 0.46387492 2709962.04312
parsec streamcluster 9 2 0 0.405500397163 6939918.54368 0.40456 7021422.52834 0.40432745 7041577.57812 0.40423886 7049255.65105
parsec swaptions 9 2 0 0.532775418033 NaN 0.5328125 NaN 0.53161305 NaN 0.53055093 NaN
spec_fp bwaves 9 2 0 0.43353387477 4726977.55518 0.414103 6194333.12798 0.3546368 11735314.7572 0.354581 11739753.7996
spec_fp gamess 9 2 0 0.512764018452 348881.312479 0.513873 314923.051682 0.50746825 568485.53352 0.50682314 594317.738366
spec_fp milc 9 2 0 0.431906599626 4844690.2987 0.433219 4749754.75618 0.4180965 5848217.49135 0.35414305 11774593.9187
spec_fp zeusmp 9 2 0 0.477164491941 1977068.95188 0.478997 1884203.61685 0.4585605 3029314.2183 0.4542265 3344894.29314
spec_fp gromacs 9 2 0 0.512833979798 346490.818217 0.512193 368392.319789 0.511704 385100.856161 0.51116144 405097.831053
spec_fp cactusADM 9 2 0 0.487438049521 1500847.14285 0.48587 1575026.44899 0.4844096 1640721.53643 0.4836274 1675908.2643
spec_fp leslie3d 9 2 0 0.387104444167 8833198.96787 0.3840725 9147861.10275 0.38327395 9219292.88231 0.38308889 9235846.84276
spec_fp namd 9 2 0 0.525721894864 NaN 0.525655 NaN 0.523567 NaN 0.5231332 NaN
spec_fp dealII 9 2 0 0.490641569358 1332202.29789 0.504554 698034.621202 0.363409 10996249.5278 0.36289635 11042107.0217
spec_fp soplex 9 2 0 0.400783408096 7366030.47312 0.3988535 7573027.17045 0.3699552 10410679.7885 0.36957598 10444601.7213
spec_fp povray 9 2 0 0.516872852713 257173.63112 0.5163375 267479.573421 0.514764 297770.631665 0.51455515 301791.151217
spec_fp calculix 9 2 0 0.512590648706 354805.146235 0.522661 NaN 0.4843482 1643483.57311 0.481634 1765579.98938
spec_fp wrf 9 2 0 nan 131072.0 NaN NaN NaN NaN NaN NaN
spec_fp GemsFDTD 9 2 0 0.401830217643 7258012.07594 0.398675 7592172.59533 0.3943613 8054848.33369 0.39289406 8212220.50847
spec_fp tonto 9 2 0 0.490111865253 1360087.83355 0.5039335 728188.129974 0.44165685 4197223.15465 0.43466659 4646333.14486
spec_fp lbm 9 2 0 0.387671776368 8772348.45787 0.384889 9070821.48815 0.384559 9104342.77484 0.3844568 9113484.75452
spec_int bzip2 9 2 0 0.481618128014 1766293.97973 0.482078 1745606.9554 0.4604282 2910710.03725 0.44971289 3673552.66453
spec_fp sphinx3 9 2 0 0.429673339303 5006238.39375 0.428163 5115492.31043 0.39812895 7650740.43429 0.39584756 7895436.1254
spec_int gcc 9 2 0 0.457910928711 3076612.73145 0.467484 2499757.68344 0.3745952 9995623.17697 0.37070805 10343335.9588
spec_int mcf 9 2 0 0.428005516476 5126884.24851 0.4315235 4872402.70382 0.39926925 7528434.95537 0.38233575 9303216.61354
spec_int hmmer 9 2 0 0.492132485947 1253715.06828 0.495623 1108676.83156 0.47727095 1971437.48848 0.47306102 2194136.14511
spec_int gobmk 9 2 0 0.50157393662 845697.839834 0.503019 772628.716231 0.47814235 1925341.80295 0.46445959 2675908.99277
spec_int sjeng 9 2 0 0.510761535672 424237.420793 0.511477 392857.170592 0.5029296 776973.154078 0.50010286 920487.718435
spec_int libquantum 9 2 0 0.361253854198 11189031.3196 0.3564875 11588086.5156 0.352796 11881755.4266 0.35083187 12038007.3346
spec_int omnetpp 9 2 0 0.445364179397 3959034.7798 0.443767 4061650.30817 0.4424379 4147042.28043 0.44185216 4184674.88432
spec_int h264ref 9 2 0 0.496469148616 1075572.95495 0.4958865 1098367.91972 0.48305055 1701857.46397 0.48265527 1719638.86232
spec_int astar 9 2 0 0.476757279318 1998609.85734 0.48832 1454418.08689 0.4218784 5570103.51167 0.4212056 5618772.06912
spec_int xalancbmk 9 2 0 0.457642535934 3096155.74313 0.475317 2074798.36149 0.424769 5361005.2177 0.4166636 5972406.57254
